1
14
0 6 1 0 0
1 14 0 0 0
9 12 0 0 0
-1 -1 1 0 0
-1 -1 0 0 0
-1 -1 1 0 0
0 9 9 9 9 9 9 2 9 9 9 9 9 9 9
8 9 9 9 9 9 9 9 9 9 9 9 9 9 9
8 8 9 9 9 9 9 9 9 9 9 9 9 9 9
8 8 8 9 9 9 9 9 9 9 9 9 9 9 9
8 8 8 8 9 9 9 9 9 9 9 9 9 9 9
8 0 0 0 0 9 9 9 9 9 9 9 9 9 9
0 8 8 8 8 8 9 9 9 9 9 9 9 9 9
1 8 8 8 8 9 9 9 9 8 9 9 9 9 4
0 8 8 8 9 9 9 9 8 8 3 9 9 9 9
0 8 8 9 9 9 9 8 8 8 8 8 9 9 9
8 8 8 9 9 9 8 8 8 8 8 8 8 9 9
8 8 8 8 9 8 8 8 2 8 2 8 8 8 9
1 1 8 8 8 8 8 8 2 2 2 8 8 8 8
1 1 1 8 8 8 8 8 2 2 2 8 8 8 9
8 1 1 1 8 8 8 5 2 2 2 8 8 9 3